image: turtlebot3_world_empty.pgm
resolution: 0.10000
origin: [-20.000000, -20.000000, 0.000000]
negate: 0
occupied_thresh: 0.65
free_thresh: 0.196
